75486
45415
37283
112726
71805
30774
31304
66687
112361
70198
76728
102716
69869
48908
112044
25778
51085
68592
54810
58455
77533
53006
58347
98215
28476
48235
63030
80946
62602
40504
90027
100925
91792
36919
44245
53932
111611
105987
99706
68573
68834
105592
98608
59623
109377
41516
44578
75530
91915
112924
102648
88003
87199
114116
63197
93651
48298
60936
33705
109802
70738
111476
112483
39655
81042
68275
56800
45122
62736
50247
65275
99958
58270
57967
48949
41532
107672
29880
35900
87352
38399
108940
30462
113498
110436
96732
87684
93649
55151
100634
70477
37519
91672
80344
63166
45145
42905
48919
65696
63095
82653
72385
62046
28995
43613
106266
83921
99688
48923
108815
83681
105641
55388
54486
70864
105627
67144
33401
83622
53650
57368
33928
82997
55631
42310
96872
99434
27325
104068
55202
109704
71136
45519
110017
60382
35606
76889
82589
41178
112843
32247
55839
113360
81506
40968
60051
103328
81488
80923
26591
